Optimal Area Polygonization
348 1882
904 370
2140 1218
3448 1930
4442 3308
3848 2154
2460 392
3688 1800
4990 2964
5070 2256
5264 2564
5546 1230
8370 1372
7626 670
10002 602
12788 1548
12234 3188
9546 722
9154 4786
8678 3454
9342 2006
6892 1658
5670 2554
6352 2362
6652 4596
7568 4568
8034 3258
7346 5202
8562 5482
8404 6968
6092 3948
5032 4546
5100 4874
4536 4728
4354 4628
4170 4414
4972 4342
6014 2792
3092 4648
6084 6996
2470 4522
3448 3394
1958 3522
3724 3054
2678 1674
2150 2206
1066 5390
2346 6372
2106 6462
806 5710
348 1882 904 370
904 370 2140 1218
2140 1218 3448 1930
3448 1930 4442 3308
4442 3308 3848 2154
3848 2154 2460 392
2460 392 3688 1800
3688 1800 4990 2964
4990 2964 5070 2256
5070 2256 5264 2564
5264 2564 5546 1230
5546 1230 8370 1372
8370 1372 7626 670
7626 670 10002 602
10002 602 12788 1548
12788 1548 12234 3188
12234 3188 9546 722
9546 722 9154 4786
9154 4786 8678 3454
8678 3454 9342 2006
9342 2006 6892 1658
6892 1658 5670 2554
5670 2554 6352 2362
6352 2362 6652 4596
6652 4596 7568 4568
7568 4568 8034 3258
8034 3258 7346 5202
7346 5202 8562 5482
8562 5482 8404 6968
8404 6968 6092 3948
6092 3948 5032 4546
5032 4546 5100 4874
5100 4874 4536 4728
4536 4728 4354 4628
4354 4628 4170 4414
4170 4414 4972 4342
4972 4342 6014 2792
6014 2792 3092 4648
3092 4648 6084 6996
6084 6996 2470 4522
2470 4522 3448 3394
3448 3394 1958 3522
1958 3522 3724 3054
3724 3054 2678 1674
2678 1674 2150 2206
2150 2206 1066 5390
1066 5390 2346 6372
2346 6372 2106 6462
2106 6462 806 5710
806 5710 348 1882
Algorithm: Simulated Annealing_MIN
Area_initial: 3.58317e+07
Area :2.25334e+07
Ratio_initial: 0.54776
Ratio: 0.344468
Construction time: 150
