370 1954
388 834
438 1546
532 1570
702 2188
3778 3854
3642 3894
3846 3844
3610 3478
1012 1624
2332 2110
2482 2208
3730 2666
4892 3792
5938 2878
3170 2108
1242 382
932 344
1138 166
2730 616
2794 1026
4620 62
3496 1588
5186 2358
5514 2736
5634 282
6268 2266
6452 2656
6592 2550
6604 2742
6628 2466
7276 1746
7158 438
7284 1466
7718 1326
7934 824
9856 244
5974 3738
6180 3974
7740 3290
7776 3792
6030 4168
6472 4420
7768 4370
7992 4492
7990 3630
10144 616
8634 4248
8878 4342
10410 3504
10498 2246
11696 982
11366 1610
11830 1434
10812 2542
11584 2498
11872 1444
11856 780
12236 4332
11596 4286
12068 4356
11782 4770
9226 4338
8672 4402
8458 4158
8228 4748
8476 4338
9606 5006
10796 6798
10962 7018
12450 6878
12104 7196
12094 7158
10352 6996
8054 7176
7980 6912
8528 6940
7016 4968
5570 6700
6010 6032
5378 4702
5064 4552
4606 4408
5536 4106
4460 4140
4624 4646
4298 4570
4738 5030
1778 5896
2540 5550
4276 4824
2718 5180
3968 4572
2736 4882
2636 5214
2562 5306
706 5500
2294 4822
2264 3376
490 4762
370 1954 388 834
388 834 438 1546
438 1546 532 1570
532 1570 702 2188
702 2188 3778 3854
3778 3854 3642 3894
3642 3894 3846 3844
3846 3844 3610 3478
3610 3478 1012 1624
1012 1624 2332 2110
2332 2110 2482 2208
2482 2208 3730 2666
3730 2666 4892 3792
4892 3792 5938 2878
5938 2878 3170 2108
3170 2108 1242 382
1242 382 932 344
932 344 1138 166
1138 166 2730 616
2730 616 2794 1026
2794 1026 4620 62
4620 62 3496 1588
3496 1588 5186 2358
5186 2358 5514 2736
5514 2736 5634 282
5634 282 6268 2266
6268 2266 6452 2656
6452 2656 6592 2550
6592 2550 6604 2742
6604 2742 6628 2466
6628 2466 7276 1746
7276 1746 7158 438
7158 438 7284 1466
7284 1466 7718 1326
7718 1326 7934 824
7934 824 9856 244
9856 244 5974 3738
5974 3738 6180 3974
6180 3974 7740 3290
7740 3290 7776 3792
7776 3792 6030 4168
6030 4168 6472 4420
6472 4420 7768 4370
7768 4370 7992 4492
7992 4492 7990 3630
7990 3630 10144 616
10144 616 8634 4248
8634 4248 8878 4342
8878 4342 10410 3504
10410 3504 10498 2246
10498 2246 11696 982
11696 982 11366 1610
11366 1610 11830 1434
11830 1434 10812 2542
10812 2542 11584 2498
11584 2498 11872 1444
11872 1444 11856 780
11856 780 12236 4332
12236 4332 11596 4286
11596 4286 12068 4356
12068 4356 11782 4770
11782 4770 9226 4338
9226 4338 8672 4402
8672 4402 8458 4158
8458 4158 8228 4748
8228 4748 8476 4338
8476 4338 9606 5006
9606 5006 10796 6798
10796 6798 10962 7018
10962 7018 12450 6878
12450 6878 12104 7196
12104 7196 12094 7158
12094 7158 10352 6996
10352 6996 8054 7176
8054 7176 7980 6912
7980 6912 8528 6940
8528 6940 7016 4968
7016 4968 5570 6700
5570 6700 6010 6032
6010 6032 5378 4702
5378 4702 5064 4552
5064 4552 4606 4408
4606 4408 5536 4106
5536 4106 4460 4140
4460 4140 4624 4646
4624 4646 4298 4570
4298 4570 4738 5030
4738 5030 1778 5896
1778 5896 2540 5550
2540 5550 4276 4824
4276 4824 2718 5180
2718 5180 3968 4572
3968 4572 2736 4882
2736 4882 2636 5214
2636 5214 2562 5306
2562 5306 706 5500
706 5500 2294 4822
2294 4822 2264 3376
2264 3376 490 4762
490 4762 370 1954
area3.37234e+07
construction time 1
