370 1954
388 834
932 344
1138 166
2730 616
2794 1026
3170 2108
3496 1588
4620 62
5634 282
7158 438
3730 2666
5186 2358
4460 4140
4606 4408
4892 3792
5514 2736
5064 4552
5536 4106
5938 2878
6268 2266
7284 1466
7276 1746
7934 824
9856 244
10144 616
11696 982
10812 2542
11366 1610
11584 2498
11856 780
12236 4332
11872 1444
11830 1434
12450 6878
12068 4356
12104 7196
12094 7158
11782 4770
11596 4286
10962 7018
10498 2246
10796 6798
10410 3504
9226 4338
8878 4342
9606 5006
10352 6996
8634 4248
8458 4158
8672 4402
8476 4338
8528 6940
8228 4748
7990 3630
7718 1326
6628 2466
7740 3290
7992 4492
7776 3792
7768 4370
7980 6912
7016 4968
6592 2550
6452 2656
6604 2742
6180 3974
5974 3738
5378 4702
6030 4168
6472 4420
8054 7176
6010 6032
4624 4646
3846 3844
3610 3478
3642 3894
3778 3854
4298 4570
4738 5030
4276 4824
3968 4572
2736 4882
2482 2208
1242 382
1012 1624
2264 3376
2332 2110
2718 5180
2294 4822
2636 5214
5570 6700
2562 5306
2540 5550
1778 5896
702 2188
532 1570
706 5500
438 1546
490 4762
370 1954 388 834
388 834 932 344
932 344 1138 166
1138 166 2730 616
2730 616 2794 1026
2794 1026 3170 2108
3170 2108 3496 1588
3496 1588 4620 62
4620 62 5634 282
5634 282 7158 438
7158 438 3730 2666
3730 2666 5186 2358
5186 2358 4460 4140
4460 4140 4606 4408
4606 4408 4892 3792
4892 3792 5514 2736
5514 2736 5064 4552
5064 4552 5536 4106
5536 4106 5938 2878
5938 2878 6268 2266
6268 2266 7284 1466
7284 1466 7276 1746
7276 1746 7934 824
7934 824 9856 244
9856 244 10144 616
10144 616 11696 982
11696 982 10812 2542
10812 2542 11366 1610
11366 1610 11584 2498
11584 2498 11856 780
11856 780 12236 4332
12236 4332 11872 1444
11872 1444 11830 1434
11830 1434 12450 6878
12450 6878 12068 4356
12068 4356 12104 7196
12104 7196 12094 7158
12094 7158 11782 4770
11782 4770 11596 4286
11596 4286 10962 7018
10962 7018 10498 2246
10498 2246 10796 6798
10796 6798 10410 3504
10410 3504 9226 4338
9226 4338 8878 4342
8878 4342 9606 5006
9606 5006 10352 6996
10352 6996 8634 4248
8634 4248 8458 4158
8458 4158 8672 4402
8672 4402 8476 4338
8476 4338 8528 6940
8528 6940 8228 4748
8228 4748 7990 3630
7990 3630 7718 1326
7718 1326 6628 2466
6628 2466 7740 3290
7740 3290 7992 4492
7992 4492 7776 3792
7776 3792 7768 4370
7768 4370 7980 6912
7980 6912 7016 4968
7016 4968 6592 2550
6592 2550 6452 2656
6452 2656 6604 2742
6604 2742 6180 3974
6180 3974 5974 3738
5974 3738 5378 4702
5378 4702 6030 4168
6030 4168 6472 4420
6472 4420 8054 7176
8054 7176 6010 6032
6010 6032 4624 4646
4624 4646 3846 3844
3846 3844 3610 3478
3610 3478 3642 3894
3642 3894 3778 3854
3778 3854 4298 4570
4298 4570 4738 5030
4738 5030 4276 4824
4276 4824 3968 4572
3968 4572 2736 4882
2736 4882 2482 2208
2482 2208 1242 382
1242 382 1012 1624
1012 1624 2264 3376
2264 3376 2332 2110
2332 2110 2718 5180
2718 5180 2294 4822
2294 4822 2636 5214
2636 5214 5570 6700
5570 6700 2562 5306
2562 5306 2540 5550
2540 5550 1778 5896
1778 5896 702 2188
702 2188 532 1570
532 1570 706 5500
706 5500 438 1546
438 1546 490 4762
490 4762 370 1954
area4.2453e+07
construction time 0
Polygon is Simple: 1
